comando:
pytorch | lightning

for batch in train_batch[0][0][0][0] l478| batch[0][0][0][0] l156
tensor([ 0.4167, -2.7937, -1.3979, -0.3616, -5.4872,  1.1268, -2.6976,  7.4062,
         8.3732, -7.5064, -2.7255,  1.2831, -5.2706, -4.5908, -1.3029, -0.1739,
        -2.0300,  4.5751, 12.4759, -1.0755, -7.0570,  0.6674, -4.1308, -5.1584,
        -3.5250,  1.1514,  5.7102,  8.9409,  6.3820,  0.3165, -7.6053,  1.8957,
        -2.7473, -7.0459,  2.7849,  4.0427,  4.5793,  0.6123,  1.3406,  2.3658,
        -3.4932, -2.1832, -2.1243, -3.0356,  0.3078,  0.3975,  1.9097, -2.1675,
         4.5677,  3.2917,  0.0283,  0.3193, -4.0406, -2.7844, -2.1183, -3.0531,
         0.0200,  5.6618,  5.5579, -4.1079])

dis_net.backbone.state_dict()['1.1.0.fn.1.queries.weight'] | model.dis.backbone.state_dict()['1.1.0.fn.1.queries.weight']
 tensor([[-0.1382, -0.0834,  0.1124,  ..., -0.1035, -0.1033, -0.0279],
        [-0.0778, -0.0579, -0.0260,  ..., -0.0418,  0.0724, -0.0689],
        [ 0.0883,  0.0200,  0.0566,  ..., -0.0796,  0.0882,  0.1094],
        ...,
        [ 0.0781, -0.1231,  0.0467,  ...,  0.0888,  0.0723, -0.0363],
        [ 0.1154,  0.0848, -0.1305,  ..., -0.0365, -0.0460,  0.0814],
        [-0.0414,  0.0131, -0.0064,  ...,  0.0254,  0.0889,  0.0993]])
        
gen_net.state_dict()['blocks.1.0.fn.1.keys.weight'] | model.gen.state_dict()['blocks.1.0.fn.1.keys.weight']  
tensor([[-0.2028,  0.0756,  0.1209, -0.2247, -0.0374, -0.1489,  0.0210, -0.2665,
         -0.1881,  0.1765],
        [-0.2466, -0.0828, -0.2756, -0.0486,  0.0624, -0.2030, -0.0064, -0.2861,
         -0.0930,  0.2908],
        [ 0.1231,  0.3001,  0.2993, -0.2471, -0.1658,  0.1846, -0.0635, -0.2339,
         -0.1370, -0.1042],
        [ 0.2760, -0.2508, -0.0998, -0.1236,  0.3159, -0.0461,  0.0057,  0.1856,
         -0.2508,  0.1520],
        [-0.3061,  0.0780,  0.0857,  0.2425, -0.3006,  0.2284, -0.1922,  0.2314,
          0.2902, -0.1680],
        [ 0.0043, -0.0897, -0.2934,  0.1252,  0.2865,  0.2664,  0.2074, -0.1703,
          0.0317,  0.2302],
        [-0.0398, -0.2156,  0.0590,  0.1362,  0.2499,  0.2803, -0.0531,  0.1816,
         -0.2357,  0.0443],
        [ 0.2346,  0.0085,  0.3012, -0.2813, -0.0162, -0.2949,  0.3098,  0.0687,
         -0.1030, -0.0674],
        [-0.0299,  0.2400, -0.0368, -0.0612,  0.0211, -0.1117,  0.3046, -0.2271,
         -0.0927,  0.0890],
        [-0.2671, -0.0663,  0.1710, -0.0578, -0.0637, -0.2986,  0.0991,  0.0733,
          0.2768, -0.1993]])
          
          
          
Durante Execução
primeiro loop da primeira época:

real_imgs[0][0][0]  |  x[0][0]
tensor([-0.4731,  2.2253,  1.3212,  0.4276, -1.3837, -2.4090, -0.0202,  2.0846,
         3.1939, -2.8404, -1.8572,  1.5803,  0.8345, -2.4615, -1.1313, -1.2672,
        -2.9675, -1.1571,  2.5339,  5.0142, -2.4304,  1.7997,  0.2528,  0.9065,
         2.3465,  0.8795, -0.5985, -6.6399, -0.2042,  0.8098, -3.7462,  6.4240,
        -0.8103,  0.1188,  0.1116, -0.2013, -2.8286,  0.5434, -2.1241, -3.1876,
         0.5187,  2.3247,  4.9855, -0.5217,  1.8734, -0.0874, -0.1552,  1.9746,
        -0.0511, -3.2543, -0.3039,  0.7249, -1.2771,  1.7314,  2.9171,  0.4806,
        -0.1810, -3.1171, -2.2683, -1.0195])
        
z | z
tensor([[-0.6134,  1.5716,  1.2586,  ..., -0.2434,  0.3599, -0.9852],
        [ 0.4557,  0.1689,  0.1369,  ..., -1.9708,  1.0669, -0.1448],
        [-0.3404,  0.8250,  0.9607,  ...,  0.8435, -0.3641,  0.1017],
        ...,
        [-0.8212, -1.5278, -1.3050,  ...,  1.8826, -0.0949, -1.5820],
        [ 1.8954, -0.4004,  1.4538,  ..., -0.1115, -0.8864,  0.4398],
        [ 0.4014, -0.2941, -0.0127,  ...,  1.8624, -0.1155,  0.4755]])
        
      
real_validity[0:10] | real_vaidity[0:10]
tensor([[ 0.2712],
        [ 0.4932],
        [ 0.3762],
        [ 0.5778],
        [ 0.0264],
        [ 0.0763],
        [ 1.2214],
        [-0.1080],
        [ 0.1527],
        [ 0.0866]], grad_fn=<SliceBackward0>)

fake_imgs[0][0][0] | fake_imgs[0][0]

tensor([-1.7450e-01,  2.5918e-01, -1.4010e-01, -4.1849e-02,  1.8675e-01,
         1.2968e-01,  5.6809e-01,  2.4725e-01, -3.4123e-01,  1.7552e-01,
        -1.4932e-02, -3.2758e-01, -1.7959e-01,  2.5887e-01, -3.8562e-01,
         8.0580e-01,  4.9087e-01,  1.3233e-01, -2.1365e-01, -6.8563e-04,
        -3.7456e-01, -3.7486e-01, -5.7065e-01, -2.0884e-01, -4.2938e-01,
        -4.2383e-01, -1.3229e-01,  3.4298e-02,  5.1005e-01,  1.2899e-01,
        -4.9654e-01, -4.6756e-01, -3.6443e-01,  8.5195e-01,  3.6808e-01,
        -5.2016e-01, -5.0881e-01, -4.7034e-01,  1.8083e-01, -1.8936e-02,
         2.1766e-02, -2.7921e-01,  4.2615e-01, -6.6367e-02, -1.4620e-01,
         3.6128e-01, -3.8370e-01,  3.7116e-01, -6.0953e-02, -5.4140e-01,
         8.1830e-03, -2.8884e-01,  6.8303e-01, -2.7114e-01, -3.8481e-02,
        -2.1363e-01, -2.3323e-02, -3.7564e-01, -5.2232e-02,  7.1646e-02])
        
fake_validity[0:10]  |  fake_validity[0:10]  

tensor([[0.2809],
        [0.3221],
        [0.4636],
        [0.2651],
        [0.4727],
        [0.0892],
        [0.0227],
        [0.4894],
        [0.0204],
        [0.1766]], grad_fn=<SliceBackward0>)

d_real_loss | d_real_loss
tensor(0.7611, grad_fn=<MseLossBackward0>)

d_fake_loss | d_fake_loss
tensor(0.2115, grad_fn=<MseLossBackward0>)

d_loss | d_loss
tensor(0.9726, grad_fn=<AddBackward0>)

state dict do discriminador pós step

dis_net.backbone.state_dict()['1.1.0.fn.1.queries.weight'] | self.dis.backbone.state_dict()['1.1.0.fn.1.queries.weight']
tensor([[-0.1379, -0.0831,  0.1121,  ..., -0.1032, -0.1036, -0.0276],
        [-0.0781, -0.0582, -0.0263,  ..., -0.0415,  0.0727, -0.0692],
        [ 0.0880,  0.0197,  0.0569,  ..., -0.0799,  0.0885,  0.1091],
        ...,
        [ 0.0778, -0.1234,  0.0464,  ...,  0.0885,  0.0726, -0.0366],
        [ 0.1151,  0.0851, -0.1308,  ..., -0.0362, -0.0457,  0.0817],
        [-0.0417,  0.0134, -0.0067,  ...,  0.0251,  0.0892,  0.0996]])
        
gen_z | gen_z
tensor([[ 0.3288,  0.4725, -0.7484,  ...,  1.5184,  1.7455,  2.5933],
        [ 0.4004, -1.0901,  1.3390,  ...,  0.5167,  0.3469,  0.5053],
        [ 1.1147, -0.9691, -0.3880,  ..., -1.9262,  0.8918,  0.8668],
        ...,
        [-0.6113, -0.2707,  0.3534,  ..., -0.2023, -0.5110, -1.3675],
        [ 1.3084, -1.1545, -0.9011,  ..., -0.0216, -0.3922,  0.8191],
        [-0.1926,  0.4999,  1.5006,  ..., -0.1805,  0.6480, -0.5872]])
        
gen_imgs[0][0][0] | gen_imgs[0][0]
tensor([-0.7898,  0.0209, -0.5074, -0.1982, -0.0123,  0.1740, -0.4002, -0.4867,
        -0.7285,  0.3758,  0.3674,  0.0541,  0.4327, -0.3971, -0.4345, -0.5487,
         0.0077,  0.2163, -0.1689, -0.2206, -0.4469, -0.0837, -0.4839, -0.2686,
         0.6461, -0.3021, -0.0347,  0.1435,  0.1728,  0.0782, -0.1221,  0.4735,
         0.6157,  0.3009,  0.4407, -0.3153,  0.3515,  0.0799, -0.2313,  0.1165,
         0.0037, -0.4640, -0.5094, -0.0998, -0.2688, -0.3058, -0.0125,  0.1143,
         0.1855, -0.0633,  0.0595,  0.1645,  0.1077, -0.4197, -0.1134,  0.1898,
         0.1155,  0.2451, -0.0576, -0.1462], grad_fn=<SelectBackward0>)

g_loss | g_loss
tensor(0.3589, grad_fn=<MseLossBackward0>)

gen_net.state_dict()['blocks.1.0.fn.1.keys.weight'] | self.gen.state_dict()['blocks.1.0.fn.1.keys.weight']
tensor([[-0.2029,  0.0757,  0.1210, -0.2248, -0.0375, -0.1490,  0.0209, -0.2664,
         -0.1880,  0.1766],
        [-0.2467, -0.0827, -0.2755, -0.0487,  0.0623, -0.2031, -0.0063, -0.2860,
         -0.0929,  0.2907],
        [ 0.1230,  0.3002,  0.2994, -0.2472, -0.1657,  0.1845, -0.0634, -0.2340,
         -0.1369, -0.1043],
        [ 0.2759, -0.2509, -0.0999, -0.1237,  0.3158, -0.0462,  0.0058,  0.1857,
         -0.2507,  0.1519],
        [-0.3062,  0.0781,  0.0858,  0.2426, -0.3007,  0.2283, -0.1921,  0.2313,
          0.2901, -0.1679],
        [ 0.0042, -0.0896, -0.2933,  0.1253,  0.2864,  0.2663,  0.2075, -0.1704,
          0.0316,  0.2303],
        [-0.0399, -0.2155,  0.0589,  0.1361,  0.2500,  0.2804, -0.0530,  0.1815,
         -0.2358,  0.0442],
        [ 0.2345,  0.0086,  0.3011, -0.2814, -0.0163, -0.2948,  0.3097,  0.0688,
         -0.1029, -0.0673],
        [-0.0298,  0.2399, -0.0369, -0.0613,  0.0212, -0.1116,  0.3047, -0.2272,
         -0.0926,  0.0889],
        [-0.2670, -0.0664,  0.1711, -0.0579, -0.0638, -0.2985,  0.0992,  0.0732,
          0.2769, -0.1992]])